# Time-averaged data for fix gr
# TimeStep Number-of-rows
# Row c_rdf[1] c_rdf[2] c_rdf[3]
500 200
1 0.00625 0 0
2 0.01875 0 0
3 0.03125 0 0
4 0.04375 0 0
5 0.05625 0 0
6 0.06875 0 0
7 0.08125 0 0
8 0.09375 0 0
9 0.10625 0 0
10 0.11875 0 0
11 0.13125 0 0
12 0.14375 0 0
13 0.15625 0 0
14 0.16875 0 0
15 0.18125 0 0
16 0.19375 0 0
17 0.20625 0 0
18 0.21875 0 0
19 0.23125 0 0
20 0.24375 0 0
21 0.25625 0 0
22 0.26875 0 0
23 0.28125 0 0
24 0.29375 0 0
25 0.30625 0 0
26 0.31875 0 0
27 0.33125 0 0
28 0.34375 0 0
29 0.35625 0 0
30 0.36875 0 0
31 0.38125 0 0
32 0.39375 0 0
33 0.40625 0 0
34 0.41875 0 0
35 0.43125 0 0
36 0.44375 0 0
37 0.45625 0 0
38 0.46875 0 0
39 0.48125 0 0
40 0.49375 0 0
41 0.50625 0 0
42 0.51875 0 0
43 0.53125 0 0
44 0.54375 0 0
45 0.55625 0 0
46 0.56875 0 0
47 0.58125 0 0
48 0.59375 0 0
49 0.60625 0 0
50 0.61875 0 0
51 0.63125 0 0
52 0.64375 0 0
53 0.65625 0 0
54 0.66875 0 0
55 0.68125 0 0
56 0.69375 0 0
57 0.70625 0 0
58 0.71875 0 0
59 0.73125 0 0
60 0.74375 0 0
61 0.75625 0 0
62 0.76875 0 0
63 0.78125 0 0
64 0.79375 0 0
65 0.80625 0 0
66 0.81875 0 0
67 0.83125 0 0
68 0.84375 0.034646 0.00244898
69 0.85625 0.0227601 0.00408163
70 0.86875 0.224326 0.0204082
71 0.88125 0.420175 0.0514286
72 0.89375 1.04665 0.129796
73 0.90625 1.6881 0.257959
74 0.91875 2.64087 0.461224
75 0.93125 3.49483 0.733878
76 0.94375 4.71851 1.10694
77 0.95625 4.7893 1.49061
78 0.96875 4.98902 1.89551
79 0.98125 4.79637 2.2898
80 0.99375 4.41246 2.65714
81 1.00625 3.9703 2.99184
82 1.01875 3.56769 3.29633
83 1.03125 3.17483 3.57061
84 1.04375 2.69803 3.80653
85 1.05625 2.38012 4.01714
86 1.06875 2.01494 4.19755
87 1.08125 1.8114 4.36163
88 1.09375 1.90652 4.53633
89 1.10625 1.61192 4.68571
90 1.11875 1.27164 4.8049
91 1.13125 1.05086 4.90449
92 1.14375 1.03086 5.00327
93 1.15625 0.927014 5.09306
94 1.16875 0.708668 5.16245
95 1.18125 0.791908 5.24082
96 1.19375 0.750965 5.31592
97 1.20625 0.646246 5.38122
98 1.21875 0.527685 5.4351
99 1.23125 0.482757 5.4849
100 1.24375 0.470071 5.53388
101 1.25625 0.411098 5.57714
102 1.26875 0.391687 5.61878
103 1.28125 0.342235 5.65551
104 1.29375 0.376587 5.69633
105 1.30625 0.395362 5.73959
106 1.31875 0.362059 5.77959
107 1.33125 0.358659 5.81959
108 1.34375 0.427837 5.86776
109 1.35625 0.395156 5.91265
110 1.36875 0.37019 5.9551
111 1.38125 0.395058 6.00082
112 1.39375 0.307619 6.03673
113 1.40625 0.325672 6.0751
114 1.41875 0.288462 6.10939
115 1.43125 0.25871 6.14041
116 1.44375 0.310464 6.17796
117 1.45625 0.287725 6.21306
118 1.46875 0.311814 6.25143
119 1.48125 0.276291 6.28571
120 1.49375 0.345735 6.32898
121 1.50625 0.329927 6.37061
122 1.51875 0.263053 6.40408
123 1.53125 0.407267 6.45633
124 1.54375 0.340849 6.50041
125 1.55625 0.444554 6.55837
126 1.56875 0.515549 6.62612
127 1.58125 0.474499 6.68898
128 1.59375 0.538032 6.76082
129 1.60625 0.588442 6.84
130 1.61875 0.620016 6.92408
131 1.63125 0.752654 7.02694
132 1.64375 0.74693 7.1298
133 1.65625 0.806009 7.24163
134 1.66875 0.881721 7.3649
135 1.68125 1.1012 7.52
136 1.69375 0.8572 7.64163
137 1.70625 1.02796 7.78857
138 1.71875 0.997804 7.93224
139 1.73125 1.13131 8.09633
140 1.74375 1.24614 8.27837
141 1.75625 1.33159 8.47429
142 1.76875 1.1514 8.6449
143 1.78125 1.20349 8.82449
144 1.79375 1.21683 9.00735
145 1.80625 1.33789 9.2098
146 1.81875 1.53764 9.44408
147 1.83125 1.58035 9.68653
148 1.84375 1.43751 9.90857
149 1.85625 1.7638 10.1829
150 1.86875 2.044 10.5029
151 1.88125 1.86467 10.7967
152 1.89375 2.15079 11.138
153 1.90625 2.04468 11.4645
154 1.91875 2.07199 11.7976
155 1.93125 2.29067 12.1682
156 1.94375 2.01526 12.4963
157 1.95625 1.77824 12.7878
158 1.96875 1.96492 13.1118
159 1.98125 1.82957 13.4155
160 1.99375 1.69591 13.6988
161 2.00625 1.43765 13.9404
162 2.01875 1.48184 14.191
163 2.03125 1.29523 14.4114
164 2.04375 1.25393 14.6261
165 2.05625 1.05202 14.8073
166 2.06875 1.0645 14.9918
167 2.08125 1.09088 15.182
168 2.09375 1.00525 15.3584
169 2.10625 0.804979 15.5004
170 2.11875 1.00259 15.6784
171 2.13125 0.89155 15.8376
172 2.14375 0.963623 16.0106
173 2.15625 0.926403 16.178
174 2.16875 0.790767 16.3216
175 2.18125 0.768366 16.462
176 2.19375 0.755105 16.6008
177 2.20625 0.702243 16.7306
178 2.21875 0.702679 16.8612
179 2.23125 0.676907 16.9878
180 2.24375 0.642736 17.1086
181 2.25625 0.703956 17.2416
182 2.26875 0.515395 17.3396
183 2.28125 0.589456 17.4522
184 2.29375 0.52677 17.5535
185 2.30625 0.485889 17.6473
186 2.31875 0.546304 17.7535
187 2.33125 0.551735 17.8612
188 2.34375 0.473957 17.9543
189 2.35625 0.5831 18.0694
190 2.36875 0.612932 18.191
191 2.38125 0.642451 18.3192
192 2.39375 0.573965 18.4343
193 2.40625 0.566934 18.5486
194 2.41875 0.616376 18.6735
195 2.43125 0.693365 18.8147
196 2.44375 0.633995 18.9445
197 2.45625 0.646637 19.0776
198 2.46875 0.68678 19.2196
199 2.48125 0.734372 19.3722
200 2.49375 0.761951 19.5314
1000 200
1 0.00625 0 0
2 0.01875 0 0
3 0.03125 0 0
4 0.04375 0 0
5 0.05625 0 0
6 0.06875 0 0
7 0.08125 0 0
8 0.09375 0 0
9 0.10625 0 0
10 0.11875 0 0
11 0.13125 0 0
12 0.14375 0 0
13 0.15625 0 0
14 0.16875 0 0
15 0.18125 0 0
16 0.19375 0 0
17 0.20625 0 0
18 0.21875 0 0
19 0.23125 0 0
20 0.24375 0 0
21 0.25625 0 0
22 0.26875 0 0
23 0.28125 0 0
24 0.29375 0 0
25 0.30625 0 0
26 0.31875 0 0
27 0.33125 0 0
28 0.34375 0 0
29 0.35625 0 0
30 0.36875 0 0
31 0.38125 0 0
32 0.39375 0 0
33 0.40625 0 0
34 0.41875 0 0
35 0.43125 0 0
36 0.44375 0 0
37 0.45625 0 0
38 0.46875 0 0
39 0.48125 0 0
40 0.49375 0 0
41 0.50625 0 0
42 0.51875 0 0
43 0.53125 0 0
44 0.54375 0 0
45 0.55625 0 0
46 0.56875 0 0
47 0.58125 0 0
48 0.59375 0 0
49 0.60625 0 0
50 0.61875 0 0
51 0.63125 0 0
52 0.64375 0 0
53 0.65625 0 0
54 0.66875 0 0
55 0.68125 0 0
56 0.69375 0 0
57 0.70625 0 0
58 0.71875 0 0
59 0.73125 0 0
60 0.74375 0 0
61 0.75625 0 0
62 0.76875 0 0
63 0.78125 0 0
64 0.79375 0 0
65 0.80625 0 0
66 0.81875 0 0
67 0.83125 0 0
68 0.84375 0 0
69 0.85625 0.0569003 0.00408163
70 0.86875 0.0785143 0.00979592
71 0.88125 0.497575 0.0465306
72 0.89375 0.981232 0.12
73 0.90625 1.90314 0.26449
74 0.91875 2.46057 0.453878
75 0.93125 3.30648 0.711837
76 0.94375 4.37778 1.05796
77 0.95625 4.72816 1.43673
78 0.96875 4.41569 1.7951
79 0.98125 4.94533 2.20163
80 0.99375 4.26538 2.55673
81 1.00625 4.77404 2.95918
82 1.01875 3.95984 3.29714
83 1.03125 3.61893 3.6098
84 1.04375 3.09947 3.88082
85 1.05625 2.5923 4.1102
86 1.06875 2.43434 4.32816
87 1.08125 2.04571 4.51347
88 1.09375 1.79961 4.67837
89 1.10625 1.55907 4.82286
90 1.11875 1.37616 4.95184
91 1.13125 1.16284 5.06204
92 1.14375 1.05642 5.16327
93 1.15625 0.969151 5.25714
94 1.16875 0.775366 5.33306
95 1.18125 0.791908 5.41143
96 1.19375 0.538736 5.46531
97 1.20625 0.500841 5.51592
98 1.21875 0.383771 5.5551
99 1.23125 0.300734 5.58612
100 1.24375 0.407395 5.62857
101 1.25625 0.325776 5.66286
102 1.26875 0.299526 5.69469
103 1.28125 0.273788 5.72408
104 1.29375 0.293738 5.75592
105 1.30625 0.246169 5.78286
106 1.31875 0.236446 5.80898
107 1.33125 0.16835 5.82776
108 1.34375 0.188539 5.84898
109 1.35625 0.215539 5.87347
110 1.36875 0.185095 5.89469
111 1.38125 0.190474 5.91673
112 1.39375 0.132835 5.93224
113 1.40625 0.145513 5.94939
114 1.41875 0.144231 5.96653
115 1.43125 0.136163 5.98286
116 1.44375 0.141734 6
117 1.45625 0.194047 6.02367
118 1.46875 0.205664 6.04898
119 1.48125 0.144724 6.06694
120 1.49375 0.234839 6.09633
121 1.50625 0.258767 6.12898
122 1.51875 0.288716 6.16571
123 1.53125 0.318177 6.20653
124 1.54375 0.296665 6.2449
125 1.55625 0.413247 6.29878
126 1.56875 0.39132 6.3502
127 1.58125 0.554609 6.42367
128 1.59375 0.703109 6.51755
129 1.60625 0.740103 6.61714
130 1.61875 0.716329 6.71429
131 1.63125 0.764601 6.81878
132 1.64375 0.877347 6.93959
133 1.65625 0.964858 7.07347
134 1.66875 1.20288 7.24163
135 1.68125 1.27507 7.42122
136 1.69375 1.36922 7.61551
137 1.70625 1.43914 7.82122
138 1.71875 1.42867 8.02694
139 1.73125 1.55907 8.25306
140 1.74375 1.45848 8.46612
141 1.75625 1.34269 8.66367
142 1.76875 1.28361 8.85388
143 1.78125 1.61377 9.09469
144 1.79375 1.52648 9.32408
145 1.80625 1.61841 9.56898
146 1.81875 1.71444 9.8302
147 1.83125 1.5165 10.0629
148 1.84375 1.60135 10.3102
149 1.85625 1.58007 10.5559
150 1.86875 1.80414 10.8384
151 1.88125 1.88539 11.1355
152 1.89375 1.9244 11.4408
153 1.90625 1.77376 11.7241
154 1.91875 1.7165 12
155 1.93125 1.86685 12.302
156 1.94375 1.78967 12.5935
157 1.95625 1.71348 12.8743
158 1.96875 1.64321 13.1453
159 1.98125 1.83449 13.4498
160 1.99375 1.55418 13.7094
161 2.00625 1.76792 14.0065
162 2.01875 1.49149 14.2588
163 2.03125 1.41036 14.4988
164 2.04375 1.34452 14.729
165 2.05625 1.13258 14.9241
166 2.06875 1.10689 15.1159
167 2.08125 1.14706 15.3159
168 2.09375 1.00525 15.4922
169 2.10625 0.883627 15.6482
170 2.11875 0.965795 15.8196
171 2.13125 1.05157 16.0073
172 2.14375 0.918169 16.1722
173 2.15625 0.759199 16.3094
174 2.16875 0.61554 16.4212
175 2.18125 0.598611 16.5306
176 2.19375 0.692919 16.658
177 2.20625 0.521162 16.7543
178 2.21875 0.527009 16.8522
179 2.23125 0.51969 16.9494
180 2.24375 0.529823 17.049
181 2.25625 0.505294 17.1445
182 2.26875 0.425201 17.2253
183 2.28125 0.435685 17.3086
184 2.29375 0.437559 17.3927
185 2.30625 0.405611 17.471
186 2.31875 0.437044 17.5559
187 2.33125 0.346924 17.6237
188 2.34375 0.340916 17.6906
189 2.35625 0.409411 17.7714
190 2.36875 0.386682 17.8482
191 2.38125 0.396928 17.9273
192 2.39375 0.398926 18.0073
193 2.40625 0.437349 18.0955
194 2.41875 0.503575 18.1976
195 2.43125 0.629239 18.3257
196 2.44375 0.590133 18.4465
197 2.45625 0.630768 18.5763
198 2.46875 0.730197 18.7273
199 2.48125 0.757935 18.8849
200 2.49375 0.789303 19.0498
1500 200
1 0.00625 0 0
2 0.01875 0 0
3 0.03125 0 0
4 0.04375 0 0
5 0.05625 0 0
6 0.06875 0 0
7 0.08125 0 0
8 0.09375 0 0
9 0.10625 0 0
10 0.11875 0 0
11 0.13125 0 0
12 0.14375 0 0
13 0.15625 0 0
14 0.16875 0 0
15 0.18125 0 0
16 0.19375 0 0
17 0.20625 0 0
18 0.21875 0 0
19 0.23125 0 0
20 0.24375 0 0
21 0.25625 0 0
22 0.26875 0 0
23 0.28125 0 0
24 0.29375 0 0
25 0.30625 0 0
26 0.31875 0 0
27 0.33125 0 0
28 0.34375 0 0
29 0.35625 0 0
30 0.36875 0 0
31 0.38125 0 0
32 0.39375 0 0
33 0.40625 0 0
34 0.41875 0 0
35 0.43125 0 0
36 0.44375 0 0
37 0.45625 0 0
38 0.46875 0 0
39 0.48125 0 0
40 0.49375 0 0
41 0.50625 0 0
42 0.51875 0 0
43 0.53125 0 0
44 0.54375 0 0
45 0.55625 0 0
46 0.56875 0 0
47 0.58125 0 0
48 0.59375 0 0
49 0.60625 0 0
50 0.61875 0 0
51 0.63125 0 0
52 0.64375 0 0
53 0.65625 0 0
54 0.66875 0 0
55 0.68125 0 0
56 0.69375 0 0
57 0.70625 0 0
58 0.71875 0 0
59 0.73125 0 0
60 0.74375 0 0
61 0.75625 0 0
62 0.76875 0 0
63 0.78125 0 0
64 0.79375 0 0
65 0.80625 0 0
66 0.81875 0 0
67 0.83125 0 0
68 0.84375 0.0115487 0.000816327
69 0.85625 0.0569003 0.00489796
70 0.86875 0.190677 0.0187755
71 0.88125 0.464403 0.0530612
72 0.89375 1.09026 0.134694
73 0.90625 1.69885 0.263673
74 0.91875 2.61966 0.465306
75 0.93125 3.48436 0.737143
76 0.94375 3.85121 1.04163
77 0.95625 4.39189 1.39347
78 0.96875 4.6068 1.76735
79 0.98125 4.99498 2.17796
80 0.99375 4.70662 2.5698
81 1.00625 4.25113 2.92816
82 1.01875 4.13201 3.28082
83 1.03125 3.8835 3.61633
84 1.04375 3.32352 3.90694
85 1.05625 2.61997 4.13878
86 1.06875 2.32493 4.34694
87 1.08125 2.1088 4.53796
88 1.09375 1.67489 4.69143
89 1.10625 1.4886 4.82939
90 1.11875 1.39358 4.96
91 1.13125 1.137 5.06776
92 1.14375 0.886028 5.15265
93 1.15625 0.80903 5.23102
94 1.16875 0.825389 5.31184
95 1.18125 0.618678 5.37306
96 1.19375 0.571386 5.4302
97 1.20625 0.516997 5.48245
98 1.21875 0.431742 5.52653
99 1.23125 0.395703 5.56735
100 1.24375 0.368222 5.60571
101 1.25625 0.302506 5.63755
102 1.26875 0.337926 5.67347
103 1.28125 0.281393 5.70367
104 1.29375 0.21842 5.72735
105 1.30625 0.268548 5.75673
106 1.31875 0.229058 5.78204
107 1.33125 0.256185 5.81061
108 1.34375 0.268305 5.84082
109 1.35625 0.244278 5.86857
110 1.36875 0.213571 5.89306
111 1.38125 0.232802 5.92
112 1.39375 0.146818 5.93714
113 1.40625 0.166301 5.95673
114 1.41875 0.18544 5.97878
115 1.43125 0.224669 6.00571
116 1.44375 0.229473 6.03347
117 1.45625 0.214121 6.05959
118 1.46875 0.218933 6.08653
119 1.48125 0.243399 6.11673
120 1.49375 0.215269 6.14367
121 1.50625 0.278174 6.17878
122 1.51875 0.198894 6.20408
123 1.53125 0.273632 6.23918
124 1.54375 0.410281 6.29224
125 1.55625 0.394463 6.34367
126 1.56875 0.39132 6.3951
127 1.58125 0.499149 6.46122
128 1.59375 0.593058 6.54041
129 1.60625 0.655173 6.62857
130 1.61875 0.752446 6.73061
131 1.63125 0.770574 6.83592
132 1.64375 0.918843 6.96245
133 1.65625 1.05899 7.10939
134 1.66875 0.980987 7.24653
135 1.68125 1.26348 7.42449
136 1.69375 1.30018 7.60898
137 1.70625 1.33634 7.8
138 1.71875 1.28694 7.98531
139 1.73125 1.65475 8.22531
140 1.74375 1.4529 8.43755
141 1.75625 1.609 8.67429
142 1.76875 1.49847 8.89633
143 1.78125 1.63018 9.13959
144 1.79375 1.5482 9.37224
145 1.80625 1.61302 9.61633
146 1.81875 1.37691 9.82612
147 1.83125 1.66549 10.0816
148 1.84375 1.50622 10.3143
149 1.85625 1.63256 10.5682
150 1.86875 1.65814 10.8278
151 1.88125 1.49691 11.0637
152 1.89375 1.68256 11.3306
153 1.90625 1.84532 11.6253
154 1.91875 1.7876 11.9127
155 1.93125 1.76089 12.1976
156 1.94375 1.88492 12.5045
157 1.95625 1.68858 12.7812
158 1.96875 1.83624 13.0841
159 1.98125 1.9181 13.4024
160 1.99375 1.61772 13.6727
161 2.00625 1.58821 13.9396
162 2.01875 1.39978 14.1763
163 2.03125 1.46313 14.4253
164 2.04375 1.49232 14.6808
165 2.05625 1.36478 14.9159
166 2.06875 1.29059 15.1396
167 2.08125 1.12834 15.3363
168 2.09375 1.1216 15.5331
169 2.10625 1.01779 15.7127
170 2.11875 1.02098 15.8939
171 2.13125 0.790965 16.0351
172 2.14375 0.745444 16.169
173 2.15625 0.691413 16.2939
174 2.16875 0.745837 16.4294
175 2.18125 0.692423 16.5559
176 2.19375 0.564108 16.6596
177 2.20625 0.635994 16.7771
178 2.21875 0.566535 16.8824
179 2.23125 0.467284 16.9698
180 2.24375 0.564565 17.0759
181 2.25625 0.401644 17.1518
182 2.26875 0.382251 17.2245
183 2.28125 0.538199 17.3273
184 2.29375 0.420566 17.4082
185 2.30625 0.414062 17.4882
186 2.31875 0.386615 17.5633
187 2.33125 0.468139 17.6547
188 2.34375 0.390807 17.7314
189 2.35625 0.430088 17.8163
190 2.36875 0.444273 17.9045
191 2.38125 0.429665 17.9902
192 2.39375 0.455916 18.0816
193 2.40625 0.413052 18.1649
194 2.41875 0.475375 18.2612
195 2.43125 0.521026 18.3673
196 2.44375 0.570197 18.4841
197 2.45625 0.602999 18.6082
198 2.46875 0.603892 18.7331
199 2.48125 0.663684 18.871
200 2.49375 0.847915 19.0482
2000 200
1 0.00625 0 0
2 0.01875 0 0
3 0.03125 0 0
4 0.04375 0 0
5 0.05625 0 0
6 0.06875 0 0
7 0.08125 0 0
8 0.09375 0 0
9 0.10625 0 0
10 0.11875 0 0
11 0.13125 0 0
12 0.14375 0 0
13 0.15625 0 0
14 0.16875 0 0
15 0.18125 0 0
16 0.19375 0 0
17 0.20625 0 0
18 0.21875 0 0
19 0.23125 0 0
20 0.24375 0 0
21 0.25625 0 0
22 0.26875 0 0
23 0.28125 0 0
24 0.29375 0 0
25 0.30625 0 0
26 0.31875 0 0
27 0.33125 0 0
28 0.34375 0 0
29 0.35625 0 0
30 0.36875 0 0
31 0.38125 0 0
32 0.39375 0 0
33 0.40625 0 0
34 0.41875 0 0
35 0.43125 0 0
36 0.44375 0 0
37 0.45625 0 0
38 0.46875 0 0
39 0.48125 0 0
40 0.49375 0 0
41 0.50625 0 0
42 0.51875 0 0
43 0.53125 0 0
44 0.54375 0 0
45 0.55625 0 0
46 0.56875 0 0
47 0.58125 0 0
48 0.59375 0 0
49 0.60625 0 0
50 0.61875 0 0
51 0.63125 0 0
52 0.64375 0 0
53 0.65625 0 0
54 0.66875 0 0
55 0.68125 0 0
56 0.69375 0 0
57 0.70625 0 0
58 0.71875 0 0
59 0.73125 0 0
60 0.74375 0 0
61 0.75625 0 0
62 0.76875 0 0
63 0.78125 0 0
64 0.79375 0 0
65 0.80625 0 0
66 0.81875 0 0
67 0.83125 0.0117223 0.000816327
68 0.84375 0 0.000816327
69 0.85625 0.0341402 0.00326531
70 0.86875 0.145812 0.0138776
71 0.88125 0.530747 0.0530612
72 0.89375 1.05755 0.132245
73 0.90625 1.86013 0.273469
74 0.91875 2.5136 0.466939
75 0.93125 3.34834 0.728163
76 0.94375 4.05771 1.04898
77 0.95625 4.28999 1.39265
78 0.96875 4.86832 1.78776
79 0.98125 4.69707 2.17388
80 0.99375 4.6674 2.56245
81 1.00625 4.4448 2.93714
82 1.01875 3.88332 3.26857
83 1.03125 3.66617 3.58531
84 1.04375 3.62227 3.90204
85 1.05625 2.83215 4.15265
86 1.06875 2.24287 4.35347
87 1.08125 2.23497 4.55592
88 1.09375 1.84416 4.7249
89 1.10625 1.47979 4.86204
90 1.11875 1.28906 4.98286
91 1.13125 0.981955 5.07592
92 1.14375 0.962704 5.16816
93 1.15625 0.901732 5.25551
94 1.16875 0.800378 5.33388
95 1.18125 0.618678 5.3951
96 1.19375 0.473435 5.44245
97 1.20625 0.573543 5.50041
98 1.21875 0.407756 5.54204
99 1.23125 0.403617 5.58367
100 1.24375 0.360388 5.62122
101 1.25625 0.318019 5.65469
102 1.26875 0.391687 5.69633
103 1.28125 0.235762 5.72163
104 1.29375 0.241015 5.74776
105 1.30625 0.276007 5.77796
106 1.31875 0.206891 5.80082
107 1.33125 0.17567 5.82041
108 1.34375 0.174036 5.84
109 1.35625 0.165247 5.85878
110 1.36875 0.206452 5.88245
111 1.38125 0.112874 5.89551
112 1.39375 0.118853 5.90939
113 1.40625 0.200947 5.93306
114 1.41875 0.144231 5.9502
115 1.43125 0.170204 5.97061
116 1.44375 0.155232 5.98939
117 1.45625 0.247577 6.01959
118 1.46875 0.225567 6.04735
119 1.48125 0.263134 6.08
120 1.49375 0.260932 6.11265
121 1.50625 0.23289 6.14204
122 1.51875 0.320796 6.18286
123 1.53125 0.30545 6.22204
124 1.54375 0.397657 6.27347
125 1.55625 0.413247 6.32735
126 1.56875 0.453434 6.38694
127 1.58125 0.456012 6.44735
128 1.59375 0.556374 6.52163
129 1.60625 0.715837 6.61796
130 1.61875 0.70429 6.71347
131 1.63125 0.782521 6.82041
132 1.64375 0.906987 6.94531
133 1.65625 0.947208 7.07673
134 1.66875 1.08609 7.22857
135 1.68125 1.31565 7.41388
136 1.69375 1.5188 7.62939
137 1.70625 1.54765 7.85061
138 1.71875 1.30962 8.03918
139 1.73125 1.53656 8.26204
140 1.74375 1.64848 8.50286
141 1.75625 1.59791 8.73796
142 1.76875 1.38278 8.94286
143 1.78125 1.51531 9.16898
144 1.79375 1.5482 9.40163
145 1.80625 1.52131 9.63184
146 1.81875 1.46799 9.85551
147 1.83125 1.50054 10.0857
148 1.84375 1.59078 10.3314
149 1.85625 1.7113 10.5976
150 1.86875 1.54864 10.84
151 1.88125 1.6264 11.0963
152 1.89375 1.62596 11.3543
153 1.90625 1.88622 11.6555
154 1.91875 1.8333 11.9502
155 1.93125 1.75584 12.2343
156 1.94375 1.71447 12.5135
157 1.95625 1.7882 12.8065
158 1.96875 1.77684 13.0996
159 1.98125 1.71645 13.3845
160 1.99375 1.86697 13.6963
161 2.00625 1.65135 13.9739
162 2.01875 1.65078 14.2531
163 2.03125 1.49671 14.5078
164 2.04375 1.29684 14.7298
165 2.05625 1.26052 14.9469
166 2.06875 1.12102 15.1412
167 2.08125 1.10024 15.3331
168 2.09375 1.06575 15.52
169 2.10625 0.962274 15.6898
170 2.11875 0.814027 15.8343
171 2.13125 0.804681 15.978
172 2.14375 0.804534 16.1224
173 2.15625 0.732084 16.2547
174 2.16875 0.646991 16.3722
175 2.18125 0.737096 16.5069
176 2.19375 0.688478 16.6335
177 2.20625 0.529995 16.7314
178 2.21875 0.557751 16.8351
179 2.23125 0.493487 16.9273
180 2.24375 0.52548 17.0261
181 2.25625 0.44915 17.111
182 2.26875 0.489625 17.2041
183 2.28125 0.418599 17.2841
184 2.29375 0.484288 17.3771
185 2.30625 0.439412 17.462
186 2.31875 0.41183 17.542
187 2.33125 0.401262 17.6204
188 2.34375 0.403279 17.6996
189 2.35625 0.450765 17.7886
190 2.36875 0.440159 17.8759
191 2.38125 0.417389 17.9592
192 2.39375 0.48034 18.0555
193 2.40625 0.506191 18.1576
194 2.41875 0.491489 18.2571
195 2.43125 0.545073 18.3682
196 2.44375 0.64197 18.4996
197 2.45625 0.610933 18.6253
198 2.46875 0.635469 18.7567
199 2.48125 0.750081 18.9127
200 2.49375 0.804933 19.0808
2500 200
1 0.00625 0 0
2 0.01875 0 0
3 0.03125 0 0
4 0.04375 0 0
5 0.05625 0 0
6 0.06875 0 0
7 0.08125 0 0
8 0.09375 0 0
9 0.10625 0 0
10 0.11875 0 0
11 0.13125 0 0
12 0.14375 0 0
13 0.15625 0 0
14 0.16875 0 0
15 0.18125 0 0
16 0.19375 0 0
17 0.20625 0 0
18 0.21875 0 0
19 0.23125 0 0
20 0.24375 0 0
21 0.25625 0 0
22 0.26875 0 0
23 0.28125 0 0
24 0.29375 0 0
25 0.30625 0 0
26 0.31875 0 0
27 0.33125 0 0
28 0.34375 0 0
29 0.35625 0 0
30 0.36875 0 0
31 0.38125 0 0
32 0.39375 0 0
33 0.40625 0 0
34 0.41875 0 0
35 0.43125 0 0
36 0.44375 0 0
37 0.45625 0 0
38 0.46875 0 0
39 0.48125 0 0
40 0.49375 0 0
41 0.50625 0 0
42 0.51875 0 0
43 0.53125 0 0
44 0.54375 0 0
45 0.55625 0 0
46 0.56875 0 0
47 0.58125 0 0
48 0.59375 0 0
49 0.60625 0 0
50 0.61875 0 0
51 0.63125 0 0
52 0.64375 0 0
53 0.65625 0 0
54 0.66875 0 0
55 0.68125 0 0
56 0.69375 0 0
57 0.70625 0 0
58 0.71875 0 0
59 0.73125 0 0
60 0.74375 0 0
61 0.75625 0 0
62 0.76875 0 0
63 0.78125 0 0
64 0.79375 0 0
65 0.80625 0 0
66 0.81875 0 0
67 0.83125 0 0
68 0.84375 0 0
69 0.85625 0.0455203 0.00326531
70 0.86875 0.157029 0.0146939
71 0.88125 0.574976 0.0571429
72 0.89375 1.09026 0.138776
73 0.90625 1.67734 0.266122
74 0.91875 2.46057 0.45551
75 0.93125 3.13906 0.700408
76 0.94375 4.11966 1.02612
77 0.95625 4.63645 1.39755
78 0.96875 4.61686 1.77224
79 0.98125 4.94533 2.17878
80 0.99375 4.59876 2.56163
81 1.00625 4.59005 2.94857
82 1.01875 3.81637 3.27429
83 1.03125 3.83625 3.60571
84 1.04375 3.33286 3.89714
85 1.05625 3.02589 4.1649
86 1.06875 2.25199 4.36653
87 1.08125 2.17188 4.56327
88 1.09375 1.81743 4.7298
89 1.10625 1.69119 4.88653
90 1.11875 1.29777 5.00816
91 1.13125 1.0767 5.1102
92 1.14375 0.945665 5.20082
93 1.15625 1.05342 5.30286
94 1.16875 0.583609 5.36
95 1.18125 0.544437 5.41388
96 1.19375 0.636688 5.47755
97 1.20625 0.500841 5.52816
98 1.21875 0.399761 5.56898
99 1.23125 0.33239 5.60327
100 1.24375 0.297712 5.63429
101 1.25625 0.341289 5.6702
102 1.26875 0.276485 5.69959
103 1.28125 0.296603 5.73143
104 1.29375 0.225952 5.75592
105 1.30625 0.164113 5.77388
106 1.31875 0.184724 5.79429
107 1.33125 0.146391 5.81061
108 1.34375 0.159533 5.82857
109 1.35625 0.129324 5.84327
110 1.36875 0.156619 5.86122
111 1.38125 0.141092 5.87755
112 1.39375 0.202749 5.90122
113 1.40625 0.145513 5.91837
114 1.41875 0.247253 5.94776
115 1.43125 0.170204 5.96816
116 1.44375 0.141734 5.98531
117 1.45625 0.127134 6.00082
118 1.46875 0.15259 6.01959
119 1.48125 0.210507 6.04571
120 1.49375 0.228316 6.07429
121 1.50625 0.207013 6.10041
122 1.51875 0.218141 6.12816
123 1.53125 0.254542 6.16082
124 1.54375 0.315601 6.20163
125 1.55625 0.419508 6.25633
126 1.56875 0.577663 6.33224
127 1.58125 0.536122 6.40327
128 1.59375 0.586944 6.48163
129 1.60625 0.758302 6.58367
130 1.61875 0.746427 6.6849
131 1.63125 0.973671 6.81796
132 1.64375 0.912915 6.94367
133 1.65625 0.964858 7.07755
134 1.66875 1.11529 7.23347
135 1.68125 1.2461 7.40898
136 1.69375 1.32895 7.59755
137 1.70625 1.57049 7.82204
138 1.71875 1.37765 8.02041
139 1.73125 1.54781 8.2449
140 1.74375 1.55348 8.47184
141 1.75625 1.70332 8.72245
142 1.76875 1.54254 8.95102
143 1.78125 1.63018 9.19429
144 1.79375 1.70574 9.45061
145 1.80625 1.66696 9.70286
146 1.81875 1.43584 9.92163
147 1.83125 1.46329 10.1461
148 1.84375 1.50622 10.3788
149 1.85625 1.62206 10.631
150 1.86875 1.56428 10.8759
151 1.88125 1.68338 11.1412
152 1.89375 1.77003 11.422
153 1.90625 1.81977 11.7127
154 1.91875 1.78252 11.9992
155 1.93125 1.80125 12.2906
156 1.94375 1.85484 12.5927
157 1.95625 1.70352 12.8718
158 1.96875 1.66796 13.1469
159 1.98125 1.77547 13.4416
160 1.99375 1.55418 13.7012
161 2.00625 1.56393 13.9641
162 2.01875 1.59286 14.2335
163 2.03125 1.5015 14.489
164 2.04375 1.37312 14.7241
165 2.05625 1.42164 14.969
166 2.06875 1.32827 15.1992
167 2.08125 1.10024 15.391
168 2.09375 1.1821 15.5984
169 2.10625 0.990032 15.7731
170 2.11875 0.850819 15.9241
171 2.13125 0.836685 16.0735
172 2.14375 0.895442 16.2343
173 2.15625 0.763718 16.3722
174 2.16875 0.557131 16.4735
175 2.18125 0.585209 16.5804
176 2.19375 0.568549 16.6849
177 2.20625 0.547662 16.7861
178 2.21875 0.540184 16.8865
179 2.23125 0.45855 16.9722
180 2.24375 0.438624 17.0547
181 2.25625 0.358456 17.1224
182 2.26875 0.365071 17.1918
183 2.28125 0.337442 17.2563
184 2.29375 0.416318 17.3363
185 2.30625 0.414062 17.4163
186 2.31875 0.327783 17.48
187 2.33125 0.309306 17.5404
188 2.34375 0.307656 17.6008
189 2.35625 0.467307 17.6931
190 2.36875 0.362 17.7649
191 2.38125 0.3601 17.8367
192 2.39375 0.464057 17.9298
193 2.40625 0.441399 18.0188
194 2.41875 0.406889 18.1012
195 2.43125 0.484955 18.2
196 2.44375 0.582159 18.3192
197 2.45625 0.599032 18.4424
198 2.46875 0.663098 18.5796
199 2.48125 0.773644 18.7404
200 2.49375 0.898711 18.9282
3000 200
1 0.00625 0 0
2 0.01875 0 0
3 0.03125 0 0
4 0.04375 0 0
5 0.05625 0 0
6 0.06875 0 0
7 0.08125 0 0
8 0.09375 0 0
9 0.10625 0 0
10 0.11875 0 0
11 0.13125 0 0
12 0.14375 0 0
13 0.15625 0 0
14 0.16875 0 0
15 0.18125 0 0
16 0.19375 0 0
17 0.20625 0 0
18 0.21875 0 0
19 0.23125 0 0
20 0.24375 0 0
21 0.25625 0 0
22 0.26875 0 0
23 0.28125 0 0
24 0.29375 0 0
25 0.30625 0 0
26 0.31875 0 0
27 0.33125 0 0
28 0.34375 0 0
29 0.35625 0 0
30 0.36875 0 0
31 0.38125 0 0
32 0.39375 0 0
33 0.40625 0 0
34 0.41875 0 0
35 0.43125 0 0
36 0.44375 0 0
37 0.45625 0 0
38 0.46875 0 0
39 0.48125 0 0
40 0.49375 0 0
41 0.50625 0 0
42 0.51875 0 0
43 0.53125 0 0
44 0.54375 0 0
45 0.55625 0 0
46 0.56875 0 0
47 0.58125 0 0
48 0.59375 0 0
49 0.60625 0 0
50 0.61875 0 0
51 0.63125 0 0
52 0.64375 0 0
53 0.65625 0 0
54 0.66875 0 0
55 0.68125 0 0
56 0.69375 0 0
57 0.70625 0 0
58 0.71875 0 0
59 0.73125 0 0
60 0.74375 0 0
61 0.75625 0 0
62 0.76875 0 0
63 0.78125 0 0
64 0.79375 0 0
65 0.80625 0 0
66 0.81875 0 0
67 0.83125 0 0
68 0.84375 0.0115487 0.000816327
69 0.85625 0.0682804 0.00571429
70 0.86875 0.145812 0.0163265
71 0.88125 0.409117 0.0465306
72 0.89375 1.00304 0.121633
73 0.90625 1.9784 0.271837
74 0.91875 2.36512 0.453878
75 0.93125 3.32741 0.713469
76 0.94375 4.09901 1.03755
77 0.95625 4.57531 1.40408
78 0.96875 5.04937 1.81388
79 0.98125 5.20352 2.24163
80 0.99375 4.50071 2.61633
81 1.00625 4.07682 2.96
82 1.01875 4.15114 3.31429
83 1.03125 3.4205 3.6098
84 1.04375 3.14614 3.8849
85 1.05625 2.72145 4.12571
86 1.06875 2.40698 4.34122
87 1.08125 2.14485 4.53551
88 1.09375 1.76398 4.69714
89 1.10625 1.33886 4.82122
90 1.11875 1.37616 4.9502
91 1.13125 1.3868 5.08163
92 1.14375 1.05642 5.18286
93 1.15625 0.682619 5.24898
94 1.16875 0.767029 5.32408
95 1.18125 0.742414 5.39755
96 1.19375 0.514248 5.44898
97 1.20625 0.452372 5.49469
98 1.21875 0.559666 5.55184
99 1.23125 0.435273 5.59673
100 1.24375 0.352553 5.63347
101 1.25625 0.318019 5.66694
102 1.26875 0.230404 5.69143
103 1.28125 0.304209 5.72408
104 1.29375 0.263611 5.75265
105 1.30625 0.238709 5.77878
106 1.31875 0.221669 5.80327
107 1.33125 0.212268 5.82694
108 1.34375 0.137778 5.84245
109 1.35625 0.222724 5.86776
110 1.36875 0.156619 5.88571
111 1.38125 0.134038 5.90122
112 1.39375 0.167792 5.92082
113 1.40625 0.131655 5.93633
114 1.41875 0.178572 5.95755
115 1.43125 0.197437 5.98122
116 1.44375 0.215975 6.00735
117 1.45625 0.140517 6.02449
118 1.46875 0.192396 6.04816
119 1.48125 0.164459 6.06857
120 1.49375 0.254409 6.10041
121 1.50625 0.323458 6.14122
122 1.51875 0.256637 6.17388
123 1.53125 0.299087 6.21224
124 1.54375 0.296665 6.25061
125 1.55625 0.413247 6.30449
126 1.56875 0.490703 6.36898
127 1.58125 0.52996 6.43918
128 1.59375 0.64197 6.5249
129 1.60625 0.636974 6.61061
130 1.61875 0.722348 6.70857
131 1.63125 0.842256 6.82367
132 1.64375 0.960339 6.95592
133 1.65625 1.04722 7.10122
134 1.66875 1.1912 7.26776
135 1.68125 1.14757 7.42939
136 1.69375 1.34045 7.61959
137 1.70625 1.25068 7.79837
138 1.71875 1.5534 8.02204
139 1.73125 1.50278 8.24
140 1.74375 1.48642 8.45714
141 1.75625 1.57017 8.68816
142 1.76875 1.71332 8.94204
143 1.78125 1.62471 9.18449
144 1.79375 1.52648 9.41388
145 1.80625 1.37025 9.62122
146 1.81875 1.43049 9.83918
147 1.83125 1.62292 10.0882
148 1.84375 1.53264 10.3249
149 1.85625 1.63781 10.5796
150 1.86875 1.49128 10.8131
151 1.88125 1.58497 11.0629
152 1.89375 1.71858 11.3355
153 1.90625 1.79421 11.622
154 1.91875 1.77236 11.9069
155 1.93125 2.02326 12.2343
156 1.94375 1.92502 12.5478
157 1.95625 1.86789 12.8539
158 1.96875 1.6828 13.1314
159 1.98125 1.81973 13.4335
160 1.99375 1.45155 13.6759
161 2.00625 1.71449 13.9641
162 2.01875 1.64595 14.2424
163 2.03125 1.54947 14.5061
164 2.04375 1.37789 14.742
165 2.05625 1.45481 14.9927
166 2.06875 1.21052 15.2024
167 2.08125 1.15643 15.4041
168 2.09375 0.981981 15.5763
169 2.10625 0.911384 15.7371
170 2.11875 0.878413 15.8931
171 2.13125 0.859545 16.0465
172 2.14375 0.772716 16.1853
173 2.15625 0.664299 16.3053
174 2.16875 0.687428 16.4302
175 2.18125 0.674554 16.5535
176 2.19375 0.604084 16.6645
177 2.20625 0.569745 16.7698
178 2.21875 0.509442 16.8645
179 2.23125 0.471651 16.9527
180 2.24375 0.447309 17.0367
181 2.25625 0.444831 17.1208
182 2.26875 0.489625 17.2139
183 2.28125 0.457042 17.3012
184 2.29375 0.446055 17.3869
185 2.30625 0.35491 17.4555
186 2.31875 0.399222 17.5331
187 2.33125 0.384542 17.6082
188 2.34375 0.399122 17.6865
189 2.35625 0.421817 17.7698
190 2.36875 0.378455 17.8449
191 2.38125 0.409204 17.9265
192 2.39375 0.472198 18.0212
193 2.40625 0.421151 18.1061
194 2.41875 0.459261 18.1992
195 2.43125 0.476939 18.2963
196 2.44375 0.574184 18.4139
197 2.45625 0.64267 18.5461
198 2.46875 0.718356 18.6947
199 2.48125 0.852186 18.8718
200 2.49375 0.879174 19.0555
3500 200
1 0.00625 0 0
2 0.01875 0 0
3 0.03125 0 0
4 0.04375 0 0
5 0.05625 0 0
6 0.06875 0 0
7 0.08125 0 0
8 0.09375 0 0
9 0.10625 0 0
10 0.11875 0 0
11 0.13125 0 0
12 0.14375 0 0
13 0.15625 0 0
14 0.16875 0 0
15 0.18125 0 0
16 0.19375 0 0
17 0.20625 0 0
18 0.21875 0 0
19 0.23125 0 0
20 0.24375 0 0
21 0.25625 0 0
22 0.26875 0 0
23 0.28125 0 0
24 0.29375 0 0
25 0.30625 0 0
26 0.31875 0 0
27 0.33125 0 0
28 0.34375 0 0
29 0.35625 0 0
30 0.36875 0 0
31 0.38125 0 0
32 0.39375 0 0
33 0.40625 0 0
34 0.41875 0 0
35 0.43125 0 0
36 0.44375 0 0
37 0.45625 0 0
38 0.46875 0 0
39 0.48125 0 0
40 0.49375 0 0
41 0.50625 0 0
42 0.51875 0 0
43 0.53125 0 0
44 0.54375 0 0
45 0.55625 0 0
46 0.56875 0 0
47 0.58125 0 0
48 0.59375 0 0
49 0.60625 0 0
50 0.61875 0 0
51 0.63125 0 0
52 0.64375 0 0
53 0.65625 0 0
54 0.66875 0 0
55 0.68125 0 0
56 0.69375 0 0
57 0.70625 0 0
58 0.71875 0 0
59 0.73125 0 0
60 0.74375 0 0
61 0.75625 0 0
62 0.76875 0 0
63 0.78125 0 0
64 0.79375 0 0
65 0.80625 0 0
66 0.81875 0 0
67 0.83125 0.0117223 0.000816327
68 0.84375 0.034646 0.00326531
69 0.85625 0.0796605 0.00897959
70 0.86875 0.157029 0.0204082
71 0.88125 0.353831 0.0465306
72 0.89375 1.13387 0.131429
73 0.90625 1.79562 0.267755
74 0.91875 2.35451 0.44898
75 0.93125 3.51575 0.723265
76 0.94375 4.25388 1.05959
77 0.95625 4.39189 1.41143
78 0.96875 4.57662 1.78286
79 0.98125 4.84602 2.18122
80 0.99375 4.8439 2.58449
81 1.00625 4.66752 2.97796
82 1.01875 4.25635 3.34122
83 1.03125 3.27877 3.62449
84 1.04375 3.1088 3.89633
85 1.05625 2.57385 4.12408
86 1.06875 2.11523 4.31347
87 1.08125 2.36113 4.52735
88 1.09375 1.85306 4.69714
89 1.10625 1.47099 4.83347
90 1.11875 1.28035 4.95347
91 1.13125 1.05948 5.05388
92 1.14375 0.886028 5.13878
93 1.15625 0.859595 5.22204
94 1.16875 0.725342 5.29306
95 1.18125 0.659923 5.35837
96 1.19375 0.52241 5.41061
97 1.20625 0.662402 5.47755
98 1.21875 0.431742 5.52163
99 1.23125 0.364047 5.55918
100 1.24375 0.415229 5.60245
101 1.25625 0.364558 5.64082
102 1.26875 0.276485 5.6702
103 1.28125 0.296603 5.70204
104 1.29375 0.293738 5.73388
105 1.30625 0.246169 5.76082
106 1.31875 0.243835 5.78776
107 1.33125 0.226907 5.81306
108 1.34375 0.217544 5.83755
109 1.35625 0.265832 5.86776
110 1.36875 0.256285 5.89714
111 1.38125 0.176365 5.91755
112 1.39375 0.174784 5.93796
113 1.40625 0.228663 5.9649
114 1.41875 0.18544 5.98694
115 1.43125 0.190629 6.0098
116 1.44375 0.17548 6.03102
117 1.45625 0.214121 6.05714
118 1.46875 0.212299 6.08327
119 1.48125 0.230242 6.11184
120 1.49375 0.254409 6.14367
121 1.50625 0.252297 6.17551
122 1.51875 0.269469 6.2098
123 1.53125 0.349995 6.25469
124 1.54375 0.334537 6.29796
125 1.55625 0.350634 6.34367
126 1.56875 0.447223 6.40245
127 1.58125 0.425201 6.45878
128 1.59375 0.544146 6.53143
129 1.60625 0.679439 6.62286
130 1.61875 0.680211 6.7151
131 1.63125 0.800441 6.82449
132 1.64375 0.912915 6.9502
133 1.65625 0.976624 7.08571
134 1.66875 1.3255 7.27102
135 1.68125 1.42577 7.47184
136 1.69375 1.21964 7.6449
137 1.70625 1.33063 7.8351
138 1.71875 1.26993 8.01796
139 1.73125 1.33956 8.21224
140 1.74375 1.62613 8.4498
141 1.75625 1.45365 8.66367
142 1.76875 1.56458 8.89551
143 1.78125 1.51531 9.12163
144 1.79375 1.60253 9.36245
145 1.80625 1.59683 9.60408
146 1.81875 1.33405 9.80735
147 1.83125 1.61228 10.0547
148 1.84375 1.39523 10.2702
149 1.85625 1.43308 10.4931
150 1.86875 1.68943 10.7576
151 1.88125 1.86985 11.0522
152 1.89375 1.75974 11.3314
153 1.90625 1.73798 11.609
154 1.91875 1.86885 11.9094
155 1.93125 1.93748 12.2229
156 1.94375 1.84983 12.5241
157 1.95625 1.87786 12.8318
158 1.96875 1.85108 13.1371
159 1.98125 1.71645 13.422
160 1.99375 1.71058 13.7078
161 2.00625 1.63192 13.982
162 2.01875 1.59768 14.2522
163 2.03125 1.39117 14.489
164 2.04375 1.45895 14.7388
165 2.05625 1.22735 14.9502
166 2.06875 1.11631 15.1437
167 2.08125 1.23602 15.3592
168 2.09375 0.893556 15.5159
169 2.10625 1.04555 15.7004
170 2.11875 1.01638 15.8808
171 2.13125 0.854973 16.0335
172 2.14375 0.695445 16.1584
173 2.15625 0.786313 16.3004
174 2.16875 0.678442 16.4237
175 2.18125 0.518201 16.5184
176 2.19375 0.577433 16.6245
177 2.20625 0.516745 16.72
178 2.21875 0.496267 16.8122
179 2.23125 0.480385 16.902
180 2.24375 0.542851 17.0041
181 2.25625 0.522569 17.1029
182 2.26875 0.438085 17.1861
183 2.28125 0.461314 17.2743
184 2.29375 0.441807 17.3592
185 2.30625 0.511239 17.458
186 2.31875 0.495876 17.5543
187 2.33125 0.44306 17.6408
188 2.34375 0.357546 17.711
189 2.35625 0.417682 17.7935
190 2.36875 0.468955 17.8865
191 2.38125 0.54015 17.9943
192 2.39375 0.492552 18.0931
193 2.40625 0.469745 18.1878
194 2.41875 0.479404 18.2849
195 2.43125 0.545073 18.3959
196 2.44375 0.502411 18.4988
197 2.45625 0.650604 18.6327
198 2.46875 0.667045 18.7706
199 2.48125 0.687247 18.9135
200 2.49375 0.82447 19.0857
4000 200
1 0.00625 0 0
2 0.01875 0 0
3 0.03125 0 0
4 0.04375 0 0
5 0.05625 0 0
6 0.06875 0 0
7 0.08125 0 0
8 0.09375 0 0
9 0.10625 0 0
10 0.11875 0 0
11 0.13125 0 0
12 0.14375 0 0
13 0.15625 0 0
14 0.16875 0 0
15 0.18125 0 0
16 0.19375 0 0
17 0.20625 0 0
18 0.21875 0 0
19 0.23125 0 0
20 0.24375 0 0
21 0.25625 0 0
22 0.26875 0 0
23 0.28125 0 0
24 0.29375 0 0
25 0.30625 0 0
26 0.31875 0 0
27 0.33125 0 0
28 0.34375 0 0
29 0.35625 0 0
30 0.36875 0 0
31 0.38125 0 0
32 0.39375 0 0
33 0.40625 0 0
34 0.41875 0 0
35 0.43125 0 0
36 0.44375 0 0
37 0.45625 0 0
38 0.46875 0 0
39 0.48125 0 0
40 0.49375 0 0
41 0.50625 0 0
42 0.51875 0 0
43 0.53125 0 0
44 0.54375 0 0
45 0.55625 0 0
46 0.56875 0 0
47 0.58125 0 0
48 0.59375 0 0
49 0.60625 0 0
50 0.61875 0 0
51 0.63125 0 0
52 0.64375 0 0
53 0.65625 0 0
54 0.66875 0 0
55 0.68125 0 0
56 0.69375 0 0
57 0.70625 0 0
58 0.71875 0 0
59 0.73125 0 0
60 0.74375 0 0
61 0.75625 0 0
62 0.76875 0 0
63 0.78125 0 0
64 0.79375 0 0
65 0.80625 0 0
66 0.81875 0 0
67 0.83125 0 0
68 0.84375 0 0
69 0.85625 0.0341402 0.00244898
70 0.86875 0.134596 0.0122449
71 0.88125 0.464403 0.0465306
72 0.89375 0.915817 0.115102
73 0.90625 2.04292 0.270204
74 0.91875 2.50299 0.462857
75 0.93125 3.33787 0.723265
76 0.94375 4.05771 1.04408
77 0.95625 4.72816 1.42286
78 0.96875 4.94879 1.82449
79 0.98125 4.60769 2.20327
80 0.99375 4.57915 2.58449
81 1.00625 4.17366 2.93633
82 1.01875 3.9981 3.27755
83 1.03125 3.75121 3.60163
84 1.04375 3.1088 3.87347
85 1.05625 2.6292 4.10612
86 1.06875 2.39787 4.32082
87 1.08125 2.16287 4.51673
88 1.09375 1.66598 4.66939
89 1.10625 1.40052 4.79918
90 1.11875 1.45455 4.93551
91 1.13125 1.3265 5.06122
92 1.14375 0.86047 5.14367
93 1.15625 0.851167 5.22612
94 1.16875 0.833727 5.30776
95 1.18125 0.692919 5.37633
96 1.19375 0.571386 5.43347
97 1.20625 0.42006 5.47592
98 1.21875 0.495704 5.52653
99 1.23125 0.419445 5.5698
100 1.24375 0.352553 5.60653
101 1.25625 0.426611 5.65143
102 1.26875 0.307206 5.68408
103 1.28125 0.266182 5.71265
104 1.29375 0.271142 5.74204
105 1.30625 0.276007 5.77224
106 1.31875 0.251224 5.8
107 1.33125 0.226907 5.82531
108 1.34375 0.19579 5.84735
109 1.35625 0.179616 5.86776
110 1.36875 0.177976 5.88816
111 1.38125 0.239857 5.91592
112 1.39375 0.167792 5.93551
113 1.40625 0.235593 5.96327
114 1.41875 0.219781 5.98939
115 1.43125 0.231477 6.01714
116 1.44375 0.215975 6.04327
117 1.45625 0.187356 6.06612
118 1.46875 0.192396 6.0898
119 1.48125 0.184194 6.11265
120 1.49375 0.234839 6.14204
121 1.50625 0.265236 6.17551
122 1.51875 0.333628 6.21796
123 1.53125 0.279996 6.25388
124 1.54375 0.340849 6.29796
125 1.55625 0.381941 6.34776
126 1.56875 0.316783 6.38939
127 1.58125 0.480662 6.45306
128 1.59375 0.574716 6.5298
129 1.60625 0.715837 6.62612
130 1.61875 0.692251 6.72
131 1.63125 0.794468 6.82857
132 1.64375 0.912915 6.95429
133 1.65625 1.02369 7.09633
134 1.66875 1.13281 7.25469
135 1.68125 1.15336 7.41714
136 1.69375 1.27717 7.59837
137 1.70625 1.33634 7.78939
138 1.71875 1.43434 7.99592
139 1.73125 1.34519 8.19102
140 1.74375 1.58142 8.42204
141 1.75625 1.66449 8.66694
142 1.76875 1.58111 8.90122
143 1.78125 1.54813 9.13224
144 1.79375 1.51018 9.35918
145 1.80625 1.43499 9.57633
146 1.81875 1.54835 9.81224
147 1.83125 1.56439 10.0522
148 1.84375 1.45337 10.2767
149 1.85625 1.7428 10.5478
150 1.86875 1.63207 10.8033
151 1.88125 1.79733 11.0865
152 1.89375 1.91925 11.391
153 1.90625 1.68175 11.6596
154 1.91875 1.77744 11.9453
155 1.93125 1.92235 12.2563
156 1.94375 1.81975 12.5527
157 1.95625 1.85793 12.8571
158 1.96875 1.88573 13.1682
159 1.98125 1.76071 13.4604
160 1.99375 1.64215 13.7347
161 2.00625 1.2628 13.9469
162 2.01875 1.49149 14.1992
163 2.03125 1.46792 14.449
164 2.04375 1.34929 14.68
165 2.05625 1.19892 14.8865
166 2.06875 1.14928 15.0857
167 2.08125 1.25006 15.3037
168 2.09375 0.926133 15.4661
169 2.10625 0.994658 15.6416
170 2.11875 0.873814 15.7967
171 2.13125 0.877833 15.9535
172 2.14375 0.772716 16.0922
173 2.15625 0.641704 16.2082
174 2.16875 0.736851 16.342
175 2.18125 0.66562 16.4637
176 2.19375 0.657385 16.5845
177 2.20625 0.640411 16.7029
178 2.21875 0.557751 16.8065
179 2.23125 0.633235 16.9249
180 2.24375 0.560223 17.0302
181 2.25625 0.591669 17.142
182 2.26875 0.412316 17.2204
183 2.28125 0.414328 17.2996
184 2.29375 0.52677 17.4008
185 2.30625 0.53659 17.5045
186 2.31875 0.470662 17.5959
187 2.33125 0.455599 17.6849
188 2.34375 0.457327 17.7747
189 2.35625 0.397004 17.8531
190 2.36875 0.485409 17.9494
191 2.38125 0.458309 18.0408
192 2.39375 0.521047 18.1453
193 2.40625 0.530488 18.2522
194 2.41875 0.479404 18.3494
195 2.43125 0.525033 18.4563
196 2.44375 0.546272 18.5682
197 2.45625 0.650604 18.702
198 2.46875 0.682833 18.8433
199 2.48125 0.695101 18.9878
200 2.49375 0.761951 19.1469
